5126 	 5084 
 5127 	 5085 
 5128 	 5086 
 5131 	 5089 
 5132 	 5090 
 5133 	 5091 
 5134 	 5092 
 5136 	 5094 
 5137 	 5095 
 5138 	 5096 
 5139 	 5097 
 5164 	 5122 
 5141 	 5099 
 5142 	 5100 
 5143 	 5101 
 5144 	 5102 
 5145 	 5103 
 5146 	 5104 
 5147 	 5105 
 5148 	 5106 
 5149 	 5107 
 5150 	 5108 
 5151 	 5109 
 5152 	 5110 
 5153 	 5111 
 5154 	 5112 
 5155 	 5113 
 5156 	 5114 
 5157 	 5115 
 5158 	 5116 
 5159 	 5117 
 5160 	 5118 
 5161 	 5119 
 5162 	 5120 
 5163 	 5121 
 5165 	 5123 
 5166 	 5124 
 5167 	 5125 
 5140 	 5098 
 5129 	 5087 
 5130 	 5088 
 5135 	 5093 
 5126 	 1892 
 5127 	 1888 
 5128 	 1893 
 5131 	 1906 
 5132 	 1891 
 5133 	 1890 
 5134 	 1909 
 5136 	 1889 
 5137 	 1908 
 5138 	 1907 
 5139 	 1905 
 5164 	 1904 
 5141 	 1903 
 5142 	 1894 
 5143 	 1910 
 5144 	 1902 
 5145 	 1901 
 5146 	 1900 
 5147 	 1899 
 5148 	 1897 
 5149 	 1895 
 5150 	 1898 
 5151 	 1896 
 5152 	 1917 
 5153 	 1918 
 5155 	 1913 
 5157 	 1914 
 5158 	 1925 
 5159 	 1924 
 5160 	 1912 
 5161 	 1911 
 5162 	 1920 
 5163 	 1923 
 5165 	 1921 
 5167 	 1916 
 5140 	 1928 
 5129 	 1927 
 5130 	 1926 
 5135 	 1929 
 5084 	 1892 
 5085 	 1888 
 5086 	 1893 
 5089 	 1906 
 5090 	 1891 
 5091 	 1890 
 5092 	 1909 
 5094 	 1889 
 5095 	 1908 
 5096 	 1907 
 5097 	 1905 
 5099 	 1903 
 5100 	 1894 
 5101 	 1910 
 5102 	 1902 
 5103 	 1901 
 5104 	 1900 
 5105 	 1899 
 5106 	 1897 
 5107 	 1895 
 5108 	 1898 
 5109 	 1896 
 5110 	 1917 
 5111 	 1918 
 5113 	 1913 
 5115 	 1914 
 5116 	 1925 
 5117 	 1924 
 5117 	 1922 
 5118 	 1912 
 5119 	 1911 
 5120 	 1920 
 5121 	 1923 
 5123 	 1921 
 5125 	 1916 
 5125 	 1919 
 5098 	 1928 
 5087 	 1927 
 5088 	 1926 
 5093 	 1929 
 400 	 500 
 5032 	 6213 
 8242 	 562 
 8244 	 563 
 8240 	 561 
 8241 	 564 
 8243 	 565 
 8082 	 814 
 8083 	 815 
 8079 	 816 
 8084 	 818 
 8081 	 819 
 8088 	 820 
 8085 	 821 
 8086 	 822 
 8089 	 826 
 8090 	 828 
 8097 	 832 
 8093 	 831 
 8094 	 834 
 8096 	 835 
 8095 	 836 
 8099 	 839 
 8145 	 4347 
 8131 	 4336 
 8135 	 4337 
 8132 	 4339 
 8133 	 4340 
 8136 	 4341 
 8137 	 4342 
 8138 	 4346 
 8141 	 4344 
 8139 	 4345 
 8142 	 4351 
 8147 	 4350 
 8143 	 4352 
 8116 	 6965 
 5300 	 3135 
 5300 	 5387 
 5805 	 3132 
 2126 	 491 
 2551 	 8242 
 2541 	 8240 
 5447 	 6197 
 5442 	 5266 
 5436 	 6184 
 5437 	 6185 
 215 	 5656 
 216 	 5657 
 217 	 5658 
 214 	 5655 
 5126 	 1751 
 5127 	 1749 
 5128 	 1750 
 5131 	 1758 
 5132 	 1752 
 5133 	 1753 
 5134 	 1755 
 5136 	 1754 
 5137 	 1756 
 5138 	 1757 
 5139 	 1759 
 5164 	 1748 
 5141 	 1761 
 5142 	 1732 
 5143 	 1760 
 5144 	 1762 
 5145 	 1763 
 5146 	 1764 
 5147 	 1765 
 5148 	 1767 
 5149 	 1769 
 5150 	 1766 
 5151 	 1768 
 5152 	 1734 
 5153 	 1733 
 5155 	 1738 
 5157 	 1737 
 5158 	 1742 
 5159 	 1743 
 5160 	 1739 
 5161 	 1741 
 5162 	 1747 
 5163 	 1744 
 5165 	 1746 
 5167 	 1735 
 5140 	 1729 
 5129 	 1731 
 5130 	 1730 
 5135 	 1728 
 4989 	 5962 
 7932 	 3254 
 2002 	 4983 
 5417 	 1027 
 5436 	 366 
 5437 	 365 
 5447 	 367 
 8242 	 2551 
 8240 	 2541 
 5436 	 1730 
 5437 	 1731 
 5447 	 1729 
 4983 	 2002 
 5932 	 5975 
 5933 	 5976 
 5934 	 5977 
 5935 	 5978 
 5936 	 5979 
 5937 	 5980 
 5938 	 5981 
 5939 	 5982 
 5940 	 5983 
 5941 	 5984 
 5942 	 5985 
 5943 	 5986 
 5944 	 5987 
 5945 	 5988 
 5946 	 5989 
 5947 	 5990 
 5948 	 5991 
 5949 	 5992 
 5950 	 5993 
 5951 	 5994 
 5952 	 5995 
 5953 	 5996 
 5954 	 5997 
 5955 	 5998 
 5956 	 5999 
 5957 	 6000 
 5960 	 6003 
 5961 	 6004 
 5962 	 6005 
 5963 	 6006 
 5966 	 6009 
 5967 	 6010 
 5968 	 6011 
 5969 	 6012 
 5972 	 6015 
 5973 	 6016 
 5974 	 6017 
 5932 	 5866 
 5933 	 5867 
 5934 	 5868 
 5935 	 5869 
 5936 	 5870 
 5937 	 5871 
 5938 	 5872 
 5939 	 5873 
 5940 	 5874 
 5941 	 5875 
 5942 	 5876 
 5943 	 5877 
 5944 	 5878 
 5945 	 5879 
 5946 	 5880 
 5947 	 5881 
 5948 	 5882 
 5949 	 5883 
 5950 	 5884 
 5951 	 5885 
 5952 	 5886 
 5953 	 5887 
 5954 	 5888 
 5955 	 5889 
 5956 	 5890 
 5957 	 5891 
 5962 	 5897 
 5968 	 5902 
 5969 	 5903 
 5972 	 5907 
 5973 	 5908 
 5932 	 6225 
 5933 	 6226 
 5934 	 6227 
 5935 	 6228 
 5936 	 6229 
 5937 	 6230 
 5938 	 6231 
 5939 	 6232 
 5940 	 6233 
 5941 	 6234 
 5942 	 6235 
 5943 	 6236 
 5944 	 6237 
 5945 	 6238 
 5946 	 6239 
 5947 	 6240 
 5948 	 6241 
 5949 	 6242 
 5950 	 6243 
 5951 	 6244 
 5952 	 6245 
 5953 	 6246 
 5954 	 6247 
 5955 	 6248 
 5956 	 6249 
 5957 	 6250 
 5960 	 6254 
 5961 	 6255 
 5962 	 6256 
 5967 	 6261 
 5968 	 6262 
 5972 	 6266 
 5973 	 6267 
 5975 	 5932 
 5976 	 5933 
 5977 	 5934 
 5978 	 5935 
 5979 	 5936 
 5980 	 5937 
 5981 	 5938 
 5982 	 5939 
 5983 	 5940 
 5984 	 5941 
 5985 	 5942 
 5986 	 5943 
 5987 	 5944 
 5988 	 5945 
 5989 	 5946 
 5990 	 5947 
 5991 	 5948 
 5992 	 5949 
 5993 	 5950 
 5994 	 5951 
 5995 	 5952 
 5996 	 5953 
 5997 	 5954 
 5998 	 5955 
 5999 	 5956 
 6000 	 5957 
 6003 	 5960 
 6004 	 5961 
 6005 	 5962 
 6006 	 5963 
 6009 	 5966 
 6010 	 5967 
 6011 	 5968 
 6012 	 5969 
 6015 	 5972 
 6016 	 5973 
 6017 	 5974 
 5975 	 5866 
 5976 	 5867 
 5977 	 5868 
 5978 	 5869 
 5979 	 5870 
 5980 	 5871 
 5981 	 5872 
 5982 	 5873 
 5983 	 5874 
 5984 	 5875 
 5985 	 5876 
 5986 	 5877 
 5987 	 5878 
 5988 	 5879 
 5989 	 5880 
 5990 	 5881 
 5991 	 5882 
 5992 	 5883 
 5993 	 5884 
 5994 	 5885 
 5995 	 5886 
 5996 	 5887 
 5997 	 5888 
 5998 	 5889 
 5999 	 5890 
 6000 	 5891 
 6005 	 5897 
 6011 	 5902 
 6012 	 5903 
 6015 	 5907 
 6016 	 5908 
 5975 	 6225 
 5976 	 6226 
 5977 	 6227 
 5978 	 6228 
 5979 	 6229 
 5980 	 6230 
 5981 	 6231 
 5982 	 6232 
 5983 	 6233 
 5984 	 6234 
 5985 	 6235 
 5986 	 6236 
 5987 	 6237 
 5988 	 6238 
 5989 	 6239 
 5990 	 6240 
 5991 	 6241 
 5992 	 6242 
 5993 	 6243 
 5994 	 6244 
 5995 	 6245 
 5996 	 6246 
 5997 	 6247 
 5998 	 6248 
 5999 	 6249 
 6000 	 6250 
 6003 	 6254 
 6004 	 6255 
 6005 	 6256 
 6010 	 6261 
 6011 	 6262 
 6015 	 6266 
 6016 	 6267 
 6225 	 5932 
 6226 	 5933 
 6227 	 5934 
 6228 	 5935 
 6229 	 5936 
 6230 	 5937 
 6231 	 5938 
 6232 	 5939 
 6233 	 5940 
 6234 	 5941 
 6235 	 5942 
 6236 	 5943 
 6237 	 5944 
 6238 	 5945 
 6239 	 5946 
 6240 	 5947 
 6241 	 5948 
 6242 	 5949 
 6243 	 5950 
 6244 	 5951 
 6245 	 5952 
 6246 	 5953 
 6247 	 5954 
 6248 	 5955 
 6249 	 5956 
 6250 	 5957 
 6254 	 5960 
 6255 	 5961 
 6256 	 5962 
 6261 	 5967 
 6262 	 5968 
 6266 	 5973 
 6267 	 5974 
 6225 	 5975 
 6226 	 5976 
 6227 	 5977 
 6228 	 5978 
 6229 	 5979 
 6230 	 5980 
 6231 	 5981 
 6232 	 5982 
 6233 	 5983 
 6234 	 5984 
 6235 	 5985 
 6236 	 5986 
 6237 	 5987 
 6238 	 5988 
 6239 	 5989 
 6240 	 5990 
 6241 	 5991 
 6242 	 5992 
 6243 	 5993 
 6244 	 5994 
 6245 	 5995 
 6246 	 5996 
 6247 	 5997 
 6248 	 5998 
 6249 	 5999 
 6250 	 6000 
 6254 	 6003 
 6255 	 6004 
 6256 	 6005 
 6261 	 6010 
 6262 	 6011 
 6266 	 6016 
 6267 	 6017 
 6225 	 5866 
 6226 	 5867 
 6227 	 5868 
 6228 	 5869 
 6229 	 5870 
 6230 	 5871 
 6231 	 5872 
 6232 	 5873 
 6233 	 5874 
 6234 	 5875 
 6235 	 5876 
 6236 	 5877 
 6237 	 5878 
 6238 	 5879 
 6239 	 5880 
 6240 	 5881 
 6241 	 5882 
 6242 	 5883 
 6243 	 5884 
 6244 	 5885 
 6245 	 5886 
 6246 	 5887 
 6247 	 5888 
 6248 	 5889 
 6249 	 5890 
 6250 	 5891 
 6256 	 5897 
 6262 	 5902 
 6266 	 5907 
 6267 	 5908 
 5260 	 5351 
 5261 	 5352 
 5262 	 5353 
 5263 	 5354 
 5264 	 5355 
 5265 	 5356 
 5266 	 5357 
 5267 	 5361 
 5268 	 5358 
 5269 	 5359 
 5270 	 5360 
 5271 	 5362 
 5272 	 5363 
 5273 	 5364 
 5275 	 5366 
 5277 	 5369 
 5279 	 5377 
 5283 	 5375 
 5288 	 5382 
 5296 	 5385 
 5351 	 5260
 5352 	 5261 
 5353 	 5262 
 5354 	 5263 
 5355 	 5264 
 5356 	 5265 
 5357 	 5266 
 5358 	 5267 
 5359 	 5268 
 5360 	 5269 
 5361 	 5270 
 5362 	 5271 
 5363 	 5272 
 5364 	 5273 
 5366 	 5275 
 5369 	 5277 
 5375 	 5283 
 5377 	 5279 
 5382 	 5288 
 5385 	 5296 
 5387 	 5300 
 8260 	 6960 
 8259 	 6959 
 8262 	 6962 
 8263 	 6961 
 8261 	 6963 
 8264 	 6964 
 8265 	 6965 
 8267 	 6966 
 8266 	 6968 
 8268 	 6967 
 8270 	 6969 
 8269 	 6970 
 8271 	 6971 
 8274 	 6973 
 8272 	 6972 
 8273 	 6974 
 8275 	 6975 
 8276 	 6976 
 8279 	 6977 
 8278 	 6980 
 8277 	 6978 
 8280 	 6979 
 8282 	 6981 
 8283 	 6982 
 8281 	 6983 
 8284 	 6985 
 8289 	 6986 
 8285 	 6984 
 8288 	 6987 
 8286 	 6989 
 8287 	 6988 
 6960 	 8260 
 6959 	 8259 
 6961 	 8262 
 6962 	 8263 
 6963 	 8261 
 6964 	 8264 
 6965 	 8265 
 6966 	 8267 
 6967 	 8266 
 6968 	 8268 
 6969 	 8270 
 6970 	 8269 
 6971 	 8271 
 6972 	 8274 
 6973 	 8272 
 6974 	 8273 
 6975 	 8275 
 6976 	 8276 
 6977 	 8279 
 6978 	 8278 
 6979 	 8277 
 6980 	 8280 
 6981 	 8282 
 6982 	 8283 
 6983 	 8281 
 6984 	 8284 
 6985 	 8289 
 6986 	 8285 
 6987 	 8288 
 6988 	 8286 
 6989 	 8287 
 5447 	 5017 
 8122 	 8309 
 400 	 6213 
 405 	 5037 
