
idMalla idMallaEq
------- ---------
   6342       231
   5625       228
   5626       229
   5631       230
   5627       186
   5628       187
   5632       188
   5660       189
   5666       190
   5629       191
   5630       192
   5633       193
   5634       194
   5635       195
   5636       196
   5638       197
   5639       198
   5640       199
   5641       200
   5642       201
   5643       202
   5644       203
   5645       204
   5646       205
   5647       206
   5648       207
   5649       208
   5650       209
   5651       210
   5652       211
   5653       212
   5654       213
   5655       214
   5656       215
   5657       216
   5658       217
   5659       218
   5661       219
   5662       220
   5663       221
   5664       222
   5665       223
   5667       224
   5668       225
   5669       226
   5670       227
   5044       543
   5045       544
   5046       545
   5049       546
   5050       547
   5051       548
   5052       549
   5081       550
   5054       551
   5055       552
   5056       553
   5057       554
   5059       555
   5060       556
   5061       557
   5062       558
   5063       559
   5064       560
   5065       561
   5066       562
   5067       563
   5068       564
   5069       565
   5070       566
   5071       567
   5072       568
   5073       569
   5074       570
   5075       571
   5076       572
   5077       573
   5078       574
   5079       575
   5080       576
   5082       577
   5083       578
   5048       580
   5047       582
   5053       579
   5058       581
   5168      4311
   5169      4312
   5171      4314
   5173      4316
   5174      4317
   5175      4318
   5176      4319
   5181      4324
   5204      4347
   5205      4348
   5206      4349
   5207      4350
   5208      4351
   5209      4352
   5210      4353
   5211      4354
   5212      4355
   5213      4356
   5214      4357
   5178      4321
   5179      4322
   5182      4325
   5183      4326
   5184      4327
   5185      4328
   5186      4329
   5187      4330
   5188      4331
   5189      4332
   5190      4333
   5191      4334
   5192      4335
   5193      4336
   5194      4337
   5195      4338
   5196      4339
   5197      4340
   5198      4341
   5199      4342
   5200      4343
   5201      4344
   5202      4345
   5203      4346
   5172      6135
   5170      4313
   5177      6136
   5180      6137
   6074       785
   5536       783
   6075       784
   6340       782
   5530       786
   5525       787
   5526       788
   5527       789
   5528       790
   5529       791
   5537       792
   5538       793
   5539       794
   5540       795
   5541       796
   5547       797
   5576       798
   5531       799
   5577       800
   5532       801
   5533       802
   5534       803
   5542       804
   5543       805
   5544       806
   5545       807
   5546       808
   5548       809
   5549       810
   5550       811
   5551       812
   5552       813
   5553       814
   5554       815
   5555       816
   5556       817
   5557       818
   5558       819
   5559       820
   5560       821
   5561       822
   5562       823
   5563       824
   5564       825
   5565       826
   5566       827
   5567       828
   5568       829
   5569       830
   5570       831
   5571       832
   5572       833
   5573       834
   5574       835
   5575       836
   5578       837
   5579       838
   5580       839
   5447       885
   5436       886
   5437       887
   5442       884
   5438       915
   5439       916
   5440       917
   5441       918
   5443       919
   5444       920
   5445       921
   5446       922
   5448       923
   5449       924
   5450       925
   5451       926
   5452       927
   5475       888
   5453       889
   5454       890
   5455       891
   5456       892
   5457       893
   5458       894
   5459       895
   5460       896
   5461       897
   5462       898
   5463       899
   5464       900
   5465       901
   5466       902
   5467       903
   5468       904
   5469       905
   5470       906
   5471       907
   5472       908
   5473       909
   5474       910
   5476       911
   5477       912
   5478       913
   5479       914
   6960      5403
   6959      5392
   6965      5393
   6971      5398
   6961      5399
   6962      5394
   6963      5396
   6964      5397
   6966      5400
   6967      5404
   6968      5401
   6969      5395
   6970      5402
   6972      5409
   6973      5410
   6973      5412
   6974      5411
   6975      5418
   6976      5408
   6979      5429
   6980      5414
   6981      5405
   6982      5413
   6983      5419
   6984      5424
   6986      5434
   6987      5425
   6988      5416
   6989      5415
   7003      5431
   6990      5417
   6991      5422
   6992      5420
   6993      5421
   6995      5406
   6996      5423
   6997      5426
   6999      5428
   7000      5427
   7001      5407
   7002      5430
   7005      5432
   7007      5433
   7008      5435
   5084      1751
   5084      1751
   5084      1878
   5085      1749
   5085      1749
   5085      1876
   5086      1750
   5086      1750
   5086      1877
   5089      1758
   5089      1758
   5089      1885
   5090      1752
   5090      1752
   5090      1880
   5091      1753
   5091      1753
   5091      1881
   5092      1755
   5092      1755
   5092      1883
   5094      1754
   5094      1754
   5094      1882
   5095      1756
   5095      1756
   5095      1884
   5096      1757
   5096      1757
   5096      1886
   5097      1759
   5097      1759
   5097      1887
   5099      1761
   5099      1761
   5099      1846
   5100      1732
   5100      1732
   5100      1852
   5101      1760
   5101      1760
   5101      1866
   5102      1762
   5102      1762
   5102      1865
   5103      1763
   5103      1763
   5103      1847
   5104      1764
   5104      1764
   5104      1848
   5105      1765
   5105      1765
   5105      1869
   5106      1767
   5106      1767
   5106      1861
   5107      1769
   5107      1769
   5107      1851
   5108      1766
   5108      1766
   5108      1853
   5109      1768
   5109      1768
   5109      1850
   5110      1734
   5110      1734
   5110      1868
   5111      1733
   5111      1733
   5111      1872
   5113      1738
   5113      1738
   5113      1870
   5115      1737
   5115      1737
   5115      1855
   5116      1742
   5116      1742
   5116      1845
   5117      1743
   5117      1743
   5117      1745
   5117      1745
   5117      1858
   5117      1871
   5118      1739
   5118      1739
   5118      1857
   5119      1741
   5119      1741
   5119      1859
   5120      1747
   5120      1747
   5120      1860
   5121      1744
   5121      1744
   5121      1873
   5123      1746
   5123      1746
   5123      1863
   5125      1735
   5125      1735
   5125      1740
   5125      1740
   5125      1854
   5098      1729
   5098      1840
   5087      1731
   5087      1837
   5088      1730
   5088      1839
   5093      1728
   5093      1838



